O   -0.48196480    0.43846826   1.22325473
Ti   0.81428511    -1.36412249   1.28247065
Ti   -1.52853121    1.87678227   1.85368672
O   -2.75238881    0.60414393   2.36063254
O   0.00308639    2.50783384   2.63420646
O   -0.73775517    -1.91792045   2.02706309
O   2.93785479    2.37647907   1.34231251
Ti   1.39506960    1.60030895   1.72238575
Ti   -2.18642438    -0.91624685   1.40017134
O   0.99430750    1.85843489   -0.14358998
O   -3.24458026    -2.20378103   0.78427293
O   1.88590051    -0.18846080   2.11888123
Ti   1.49426906    -0.01823785   -2.24038117
O   1.48973039    -2.86631138   0.40405991
Ti   -2.63214837    -2.24523057   -1.04975389
O   2.90259485    3.87022837   -1.29003389
O   2.95023824    0.89413917   -1.86584836
O   0.67721062    -0.77387351   -0.63832944
O   -2.02774461    -0.43569573   -0.54152578
O   -0.08599227    0.93313474   -2.44961507
O   -3.78163427    -2.33073194   -2.19822349
O   1.64924599    -1.78683119   -2.73084958
O   -1.74210002    2.33352860   0.09371182
O   -0.87760972    -3.02972410   -1.47483967
Ti   -0.74784359    0.99855442   -0.73158600
Ti   0.81649420    -2.61296004   -1.28899656
Ti   2.81643024    2.39809142   -0.60353679
