Ti   -0.98162493    -2.47856077   1.97808991
Ti   1.71291669    -2.01560881   2.00546722
Ti   -0.01527195    -0.13556887   3.77231118
O   -0.27139488    1.42492279   2.60389068
Ti   -1.42977246    -1.13625246   -0.69853405
Ti   1.74061357    -0.59154492   -0.66641726
Ti   -0.26158382    1.47182533   0.85866692
O   2.71689136    -1.64485034   0.43433479
O   -2.02041436    -2.45872030   0.38611705
O   1.74235979    -0.99305868   3.43240232
O   -1.37890135    -1.52928696   3.40063997
O   0.56962829    -3.45006772   2.25934581
O   1.39235216    0.94034311   0.24393554
O   -1.63089175    0.42108599   0.21304470
O   0.27078628    -1.49930064   -1.29192286
Ti   -1.51958665    0.70206134   -3.26537191
Ti   1.26273136    1.18019008   -3.23714438
Ti   -0.49109151    2.97401876   -1.93803210
O   1.09599742    2.99797889   -2.91354334
O   -1.97557166    2.47015407   -2.94475065
O   -0.04319305    0.51174520   -4.37826060
O   -2.25470527    -0.65743070   -2.38924512
O   -0.53307336    3.11423183   -0.18090702
O   2.39186289    0.14095841   -2.34199586
O   -0.11208500    0.33509547   5.32515793
O   0.18932219    -1.18044421   1.30611023
O   -0.16629998    1.08608411   -1.97338911
