Ti 3.2872902460241 0.2777671853938 0.367735591129647
Ti 0.605541196851249 0.880436156692231 1.63765838513059
O 2.39436505777902 0.992012135762888 1.88642675550304
O 3.70767438128845 -1.41920091969339 0.205884198650359
O 0.211506530213144 -0.880479656284472 1.43611100182754
O 0.0755823996537759 1.97868967389302 0.263375717524711
Ti -2.4184032315632 1.15058531391185 2.5087690377332
Ti -3.2813237690753 -1.05982085674302 0.975510607055869
O -3.31224969556518 -0.457294244624258 2.73819401813227
O -3.37884280061584 2.39251717879259 1.51400050839034
O -2.14988417393471 -2.28652840327754 0.406350027503322
O -0.717518631190335 1.38219361190681 2.96656868970297
O -2.07884777482792 0.41866067744778 0.777569365516598
O 0.19450697636667 -1.11727399258207 -0.796719825225573
Ti 0.582298271023364 -1.46204371086941 -2.61117420300929
O 2.15173700323151 -2.20223267488842 -2.0083374113977
O -1.126218658649 -2.10799521636149 -2.7415819279888
O -3.69983512549079 -0.864811557731295 -1.28209493325315
Ti -2.01082083214163 -1.38583831973744 -1.22876862113737
Ti 2.26306671566548 -1.54912422502533 -0.243275195925826
O -1.60121849707933 0.495131254685095 -1.28607546064655
O -4.03284728356636 2.00396304817106 -2.1881925920714
O 2.07767890149166 0.448567834370869 -0.277247954689821
O -0.090675987096455 2.58255266036113 -0.448273051350845
O 0.73711652390411 0.352720029944046 -2.79665835005961
Ti 0.373358129375978 0.908478249628654 -1.06154134154892
Ti -3.45495991107973 1.04949390749341 -1.00458596312124
